positions: 
-1.12682 -0.746466 0 1.6001 -0.0379366 -0.775128 1.15969 
-0.986213 -0.693139 -0.0702416 1.61714 -0.0200493 -0.705682 1.05519 
-0.845605 -0.639446 -0.140677 1.63367 -0.00235534 -0.634766 0.950772 
-0.704928 -0.586863 -0.211711 1.65019 0.0160449 -0.564266 0.845718 
-0.564204 -0.535107 -0.283307 1.66652 0.0349527 -0.493746 0.740182 
-0.423458 -0.483905 -0.35539 1.68258 0.0541729 -0.422911 0.63431 
-0.28271 -0.432998 -0.427863 1.69831 0.073522 -0.351557 0.528237 
-0.141981 -0.382142 -0.500614 1.71369 0.0928309 -0.279543 0.422088 
-0.00128369 -0.331115 -0.573529 1.72871 0.111945 -0.206772 0.315978 
0.139369 -0.279714 -0.646493 1.74341 0.130727 -0.133182 0.210012 
0.279968 -0.227761 -0.719388 1.75783 0.149052 -0.0587396 0.104287 
0.420506 -0.175099 -0.792104 1.77201 0.166817 0.0165647 -0.00110549 
0.560979 -0.121593 -0.864534 1.78601 0.183936 0.0927191 -0.106085 
0.701383 -0.067128 -0.936583 1.79989 0.200343 0.169694 -0.210575 
0.841717 -0.0116107 -1.00816 1.81371 0.21599 0.247446 -0.314511 
0.981983 0.0450331 -1.0792 1.82752 0.230851 0.325919 -0.417833 
1.12218 0.10286 -1.14961 1.84139 0.244917 0.405046 -0.520492 
1.26232 0.161907 -1.21934 1.85535 0.258196 0.484747 -0.622449 
1.4024 0.222198 -1.28833 1.86946 0.270717 0.564938 -0.723674 
1.54244 0.283734 -1.35654 1.88375 0.282525 0.64552 -0.824148 
1.68242 0.346499 -1.42393 1.89823 0.293682 0.726389 -0.923863 
1.82238 0.410455 -1.49048 1.91292 0.304268 0.807425 -1.02283 
1.96231 0.475545 -1.5562 1.92781 0.314385 0.8885 -1.12106 
2.10223 0.541686 -1.62111 1.94288 0.324155 0.969474 -1.21861 
2.24217 0.608762 -1.68529 1.95808 0.333731 1.05019 -1.31556 
2.38212 0.676614 -1.74884 1.9734 0.343306 1.13048 -1.41203 
2.52213 0.745019 -1.81198 1.9888 0.353124 1.21015 -1.50821 
2.66222 0.813629 -1.87498 2.00425 0.363475 1.28901 -1.60436 
2.80242 0.881831 -1.93829 2.01975 0.374669 1.36693 -1.70091 
2.94274 0.953107 -2 2.03555 0.385849 1.44407 -1.79606 
velocities: 
0 0 0 0 0 0 0 
1.14653 0.436761 -0.573781 0.136283 0.144839 0.574001 -0.851695 
1.58947 0.600095 -0.799627 0.186702 0.204232 0.79893 -1.18392 
1.7 0.630334 -0.86165 0.19844 0.225385 0.851933 -1.27222 
1.7 0.621838 -0.867783 0.195658 0.230283 0.853746 -1.27684 
1.7 0.616658 -0.873004 0.191988 0.232928 0.858709 -1.27998 
1.7 0.614603 -0.877087 0.187874 0.233477 0.865879 -1.28173 
1.7 0.615437 -0.879921 0.183656 0.232102 0.874595 -1.28219 
1.7 0.6189 -0.881446 0.179616 0.228978 0.884358 -1.28143 
1.7 0.624713 -0.881632 0.175976 0.224287 0.89477 -1.27954 
1.7 0.632596 -0.88049 0.172896 0.218233 0.905501 -1.2766 
1.7 0.642277 -0.878072 0.170472 0.211032 0.916264 -1.27266 
1.7 0.653495 -0.874458 0.168747 0.202912 0.926814 -1.26781 
1.7 0.665994 -0.869742 0.16773 0.194103 0.936947 -1.26211 
1.7 0.679523 -0.864018 0.167411 0.184835 0.946483 -1.25566 
1.7 0.693845 -0.857363 0.167767 0.175333 0.955265 -1.24852 
1.7 0.708738 -0.849857 0.168757 0.16582 0.963149 -1.24081 
1.7 0.723986 -0.841585 0.170314 0.15652 0.97001 -1.23263 
1.7 0.739364 -0.83265 0.172333 0.147649 0.975726 -1.2241 
1.7 0.75463 -0.823183 0.174679 0.139418 0.980167 -1.21534 
1.7 0.769533 -0.813354 0.177191 0.132041 0.98319 -1.2065 
1.7 0.783809 -0.803377 0.179678 0.125749 0.984646 -1.19775 
1.7 0.797167 -0.793524 0.181955 0.120801 0.984375 -1.18932 
1.7 0.809238 -0.784167 0.183881 0.117519 0.982202 -1.18152 
1.7 0.819534 -0.775842 0.185388 0.116321 0.97792 -1.1748 
1.7 0.827377 -0.769309 0.186496 0.117756 0.971286 -1.16976 
1.7 0.831592 -0.765562 0.187262 0.12241 0.962153 -1.16731 
1.55707 0.760267 -0.701556 0.171942 0.119261 0.871498 -1.07036 
0.996352 0.490903 -0.446509 0.110732 0.0795038 0.55204 -0.683078 
0 0 0 0 0 0 0 
accelerations: 
0 0 0 0 0 0 0 
4.96532 1.91192 -2.49572 0.561273 0.61647 2.56782 -3.68405 
2.4863 0.794914 -1.32194 0.288899 0.407667 1.19274 -1.92536 
-2.68283e-15 -0.12322 -0.0786576 -0.0266934 0.0732082 -0.000517613 -0.065278 
0 -0.0820823 -0.0695175 -0.0405382 0.0451327 0.0443225 -0.0465186 
2.68195e-15 -0.0430425 -0.0566214 -0.0481224 0.0187732 0.0755712 -0.0292018 
0 -0.00661537 -0.0419965 -0.051262 -0.00550149 0.0976324 -0.0130766 
0 0.0267879 -0.0264915 -0.0506347 -0.0277173 0.112948 0.00204638 
0 0.0569039 -0.010364 -0.0469901 -0.0477976 0.122983 0.0161873 
0 0.0836143 0.00588275 -0.0410033 -0.065586 0.128727 0.0294288 
0 0.107011 0.0217381 -0.0334758 -0.0808378 0.130769 0.0418259 
0 0.127216 0.0367645 -0.0251696 -0.0933744 0.12961 0.0533805 
0 0.144309 0.0507125 -0.0165835 -0.10316 0.125751 0.0640735 
0 0.158363 0.0634795 -0.00803265 -0.110158 0.119618 0.0738444 
0 0.169433 0.0752218 0.000305766 -0.114393 0.11143 0.0826281 
0 0.177724 0.0860821 0.00831212 -0.115936 0.101425 0.0902805 
-2.693e-15 0.183429 0.0959596 0.0157116 -0.114755 0.0897833 0.0966863 
5.38827e-15 0.18652 0.104735 0.0220561 -0.110882 0.0766658 0.101749 
-2.69516e-15 0.18673 0.112121 0.0269389 -0.104421 0.0620543 0.105348 
0 0.183933 0.117728 0.0300412 -0.0954228 0.0457738 0.107307 
0 0.178008 0.121005 0.0309602 -0.0837409 0.0276645 0.10739 
0 0.16881 0.121368 0.0294492 -0.0691191 0.00769109 0.105144 
0 0.155733 0.118025 0.0258774 -0.0510904 -0.014278 0.0997321 
2.69765e-15 0.137575 0.109333 0.0209337 -0.0286632 -0.0385127 0.0898245 
-2.69733e-15 0.1126 0.0929297 0.0156796 -0.000447331 -0.0655212 0.0735983 
2.6966e-15 0.077921 0.0657921 0.011223 0.0353036 -0.0956425 0.0486081 
-2.69534e-15 0.0244283 0.0251906 0.00739449 0.077698 -0.126124 0.0110227 
-3.14913 -1.59366 1.3874 -0.344267 -0.139898 -1.88296 2.12599 
-4.89098 -2.30662 2.2486 -0.53365 -0.391092 -2.73934 3.40426 
-4.77073 -2.42321 2.09801 -0.537194 -0.380104 -2.62254 3.23471 
