positions: 
-1.12682 -0.746466 0 1.6001 -0.0379366 -0.775128 1.15969 
-1.05783 -0.71894 -0.0303681 1.61793 -0.0313112 -0.736229 1.10769 
-0.988919 -0.691098 -0.0610469 1.63447 -0.0247834 -0.697349 1.05576 
-0.91996 -0.663831 -0.0912905 1.65264 -0.0181726 -0.658353 1.00371 
-0.850977 -0.637018 -0.121232 1.67196 -0.0115129 -0.619253 0.951581 
-0.781982 -0.610567 -0.150976 1.69204 -0.0048288 -0.580062 0.899395 
-0.712984 -0.584401 -0.180607 1.7126 0.00186085 -0.540791 0.847181 
-0.643991 -0.558459 -0.210191 1.73338 0.00854151 -0.501449 0.794962 
-0.575007 -0.532683 -0.239785 1.75418 0.0152016 -0.462048 0.742754 
-0.506035 -0.507025 -0.269433 1.77483 0.021832 -0.422596 0.690574 
-0.437079 -0.481444 -0.299173 1.79519 0.0284257 -0.383104 0.638435 
-0.368141 -0.455902 -0.329035 1.81513 0.0349772 -0.343583 0.586345 
-0.299222 -0.430365 -0.359042 1.83455 0.0414825 -0.304041 0.534315 
-0.230324 -0.404805 -0.389213 1.85336 0.047939 -0.264489 0.482351 
-0.161446 -0.379196 -0.419562 1.8715 0.054345 -0.224935 0.430457 
-0.0925911 -0.353512 -0.4501 1.8889 0.0606995 -0.185388 0.378639 
-0.0237579 -0.327732 -0.480836 1.90553 0.0670024 -0.145858 0.326897 
0.0450534 -0.301834 -0.511773 1.92134 0.0732541 -0.106351 0.275234 
0.113843 -0.275799 -0.542915 1.93631 0.0794555 -0.0668771 0.22365 
0.182611 -0.249608 -0.574261 1.95043 0.0856078 -0.0274421 0.172145 
0.251358 -0.223244 -0.605808 1.96369 0.0917127 0.0119466 0.120718 
0.320084 -0.19669 -0.637553 1.97608 0.0977721 0.0512825 0.0693673 
0.38879 -0.16993 -0.669492 1.98762 0.103788 0.0905596 0.0180904 
0.457476 -0.142951 -0.701618 1.99832 0.109762 0.129772 -0.0331151 
0.526143 -0.115738 -0.733924 2.00818 0.115697 0.168916 -0.0842522 
0.594792 -0.0882777 -0.766403 2.01722 0.121595 0.207985 -0.135324 
0.663421 -0.0605591 -0.799048 2.02548 0.127457 0.246976 -0.186335 
0.732033 -0.0325702 -0.831851 2.03296 0.133287 0.285886 -0.237287 
0.800626 -0.0042996 -0.864803 2.03971 0.139086 0.324711 -0.288187 
0.869201 0.0242637 -0.897896 2.04574 0.144856 0.363448 -0.339037 
0.937759 0.053131 -0.931123 2.05109 0.1506 0.402096 -0.389842 
1.0063 0.0823132 -0.964473 2.05578 0.156318 0.440654 -0.440607 
1.07482 0.111822 -0.997938 2.05984 0.162013 0.47912 -0.491338 
1.14332 0.141668 -1.03151 2.06332 0.167688 0.517493 -0.542039 
1.21181 0.171864 -1.06518 2.06623 0.173343 0.555775 -0.592715 
1.28028 0.202421 -1.09895 2.0686 0.17898 0.593964 -0.643372 
1.34873 0.23335 -1.13279 2.07047 0.184602 0.632064 -0.694015 
1.41716 0.264662 -1.16671 2.07186 0.190211 0.670074 -0.74465 
1.48557 0.29637 -1.20071 2.07281 0.195808 0.707997 -0.795281 
1.55396 0.328484 -1.23477 2.07333 0.201396 0.745836 -0.845914 
1.62233 0.361015 -1.2689 2.07346 0.206976 0.783593 -0.896553 
1.69068 0.393973 -1.30309 2.07321 0.212551 0.821272 -0.947205 
1.75901 0.427368 -1.33734 2.07261 0.218122 0.858877 -0.997872 
1.82732 0.46121 -1.37167 2.07168 0.223692 0.896412 -1.04856 
1.89562 0.495507 -1.40608 2.07045 0.229264 0.933882 -1.09927 
1.96389 0.530267 -1.44059 2.06892 0.234838 0.971291 -1.15002 
2.03214 0.565497 -1.47521 2.06713 0.240417 1.00865 -1.20079 
2.10038 0.601204 -1.50996 2.06509 0.246002 1.04595 -1.25161 
2.1686 0.637391 -1.54488 2.06283 0.251597 1.08321 -1.30246 
2.23681 0.67406 -1.58001 2.06036 0.257202 1.12044 -1.35336 
2.305 0.711211 -1.61538 2.05771 0.26282 1.15764 -1.4043 
2.37318 0.748839 -1.65104 2.05491 0.268453 1.19482 -1.45529 
2.44134 0.78693 -1.68706 2.05201 0.274102 1.23199 -1.50633 
2.5095 0.825454 -1.72348 2.04904 0.279771 1.26916 -1.55742 
2.57766 0.864346 -1.76034 2.04609 0.285462 1.30634 -1.60856 
2.64581 0.903497 -1.79763 2.04324 0.291175 1.34354 -1.65974 
2.71399 0.942719 -1.83528 2.04067 0.296914 1.3808 -1.71097 
2.78219 0.981712 -1.87312 2.03862 0.302681 1.41814 -1.76223 
2.85044 1.01999 -1.91081 2.03755 0.30848 1.45561 -1.81351 
2.91865 1.06016 -1.95 2.03453 0.314256 1.49289 -1.86483 
velocities: 
0 0 0 0 0 0 0 
0.797774 0.320876 -0.353727 0.196748 0.0759448 0.449997 -0.601218 
1.16146 0.463655 -0.512762 0.294014 0.110759 0.656125 -0.875961 
1.41162 0.553047 -0.615643 0.384561 0.13584 0.799254 -1.06617 
1.61188 0.622 -0.697124 0.460783 0.155898 0.914646 -1.21869 
1.7 0.648208 -0.731466 0.500667 0.164757 0.966618 -1.28616 
1.7 0.641953 -0.729504 0.509229 0.164718 0.968488 -1.28659 
1.7 0.637218 -0.729121 0.512312 0.164369 0.970184 -1.28663 
1.7 0.633801 -0.73003 0.510811 0.163776 0.971692 -1.28634 
1.7 0.631533 -0.731988 0.505439 0.162991 0.973 -1.28577 
1.7 0.630269 -0.734792 0.496792 0.162057 0.974098 -1.28496 
1.7 0.629885 -0.738276 0.485376 0.161012 0.974979 -1.28396 
1.7 0.630281 -0.7423 0.471631 0.159887 0.975642 -1.28279 
1.7 0.631376 -0.746748 0.455951 0.158709 0.976087 -1.28149 
1.7 0.633103 -0.751521 0.438683 0.1575 0.976318 -1.2801 
1.7 0.635411 -0.756532 0.420138 0.156278 0.976339 -1.27863 
1.7 0.638259 -0.761702 0.400598 0.155058 0.976155 -1.27711 
1.7 0.64161 -0.766962 0.380319 0.153853 0.975772 -1.27557 
1.7 0.645433 -0.772248 0.359532 0.152673 0.975198 -1.27402 
1.7 0.6497 -0.777504 0.338442 0.151528 0.974442 -1.27248 
1.7 0.654389 -0.782685 0.317232 0.150424 0.973513 -1.27096 
1.7 0.659473 -0.787756 0.296062 0.149365 0.972422 -1.26948 
1.7 0.66493 -0.792688 0.27507 0.148356 0.97118 -1.26805 
1.7 0.670736 -0.797461 0.254373 0.147397 0.9698 -1.26668 
1.7 0.676868 -0.80206 0.234072 0.146491 0.968293 -1.26538 
1.7 0.68331 -0.806475 0.214252 0.145637 0.966674 -1.26415 
1.7 0.690047 -0.810698 0.194984 0.144835 0.964954 -1.26301 
1.7 0.697069 -0.81472 0.176328 0.144084 0.963148 -1.26197 
1.7 0.704371 -0.818537 0.158333 0.143382 0.961269 -1.26103 
1.7 0.711951 -0.822145 0.141035 0.142729 0.959331 -1.26019 
1.7 0.71981 -0.825542 0.124462 0.142124 0.957347 -1.25947 
1.7 0.727954 -0.828729 0.108627 0.141566 0.955332 -1.25887 
1.7 0.736385 -0.831708 0.0935398 0.141056 0.9533 -1.2584 
1.7 0.745107 -0.834483 0.0791974 0.140592 0.951264 -1.25806 
1.7 0.754122 -0.837063 0.0655926 0.140175 0.949238 -1.25785 
1.7 0.763431 -0.839458 0.0527125 0.139805 0.947234 -1.25778 
1.7 0.773032 -0.841684 0.0405402 0.139484 0.945265 -1.25785 
1.7 0.782925 -0.843763 0.0290549 0.139212 0.943343 -1.25805 
1.7 0.793103 -0.845724 0.0182328 0.138991 0.94148 -1.25839 
1.7 0.80356 -0.847604 0.00804688 0.13882 0.939687 -1.25885 
1.7 0.814287 -0.849449 -0.00153175 0.138701 0.937974 -1.25945 
1.7 0.825273 -0.851318 -0.0105327 0.138633 0.936351 -1.26016 
1.7 0.836503 -0.853282 -0.018985 0.138617 0.934825 -1.26099 
1.7 0.847961 -0.855429 -0.0269141 0.138653 0.933406 -1.26192 
1.7 0.859631 -0.857859 -0.0343394 0.138738 0.932102 -1.26295 
1.7 0.87149 -0.860686 -0.0412716 0.138872 0.930922 -1.26408 
1.7 0.883509 -0.864033 -0.0477101 0.139054 0.929876 -1.26529 
1.7 0.895647 -0.868035 -0.0536406 0.139282 0.928972 -1.26657 
1.7 0.907854 -0.872837 -0.0590287 0.139557 0.928221 -1.26791 
1.7 0.920068 -0.878607 -0.0638106 0.13988 0.927635 -1.2693 
1.7 0.932203 -0.885529 -0.0678809 0.140252 0.927227 -1.27073 
1.7 0.944099 -0.893771 -0.0710844 0.140676 0.927007 -1.27217 
1.7 0.955409 -0.90334 -0.0731919 0.141148 0.926989 -1.27358 
1.7 0.965487 -0.913913 -0.0738256 0.141664 0.927195 -1.27492 
1.66683 0.954253 -0.90659 -0.0709488 0.139438 0.909569 -1.25118 
1.53455 0.882126 -0.843289 -0.0611989 0.128889 0.83812 -1.15269 
1.32046 0.757533 -0.730799 -0.0451794 0.111383 0.722218 -0.992285 
1.09287 0.619467 -0.605077 -0.0257896 0.0926124 0.599091 -0.821275 
0.690589 0.392945 -0.385841 -0.0165983 0.0586214 0.378682 -0.519112 
0 0 0 0 0 0 0 
accelerations: 
0 0 0 0 0 0 0 
4.80337 1.97102 -2.16855 1.03949 0.446972 2.71174 -3.61649 
4.58551 1.66712 -1.89889 1.60899 0.458998 2.61563 -3.48308 
4.56105 1.59492 -1.85982 1.71305 0.458184 2.61937 -3.47228 
4.10563 1.3857 -1.66591 1.58903 0.40968 2.37583 -3.12853 
5.47096e-15 -0.174224 0.0697517 0.284651 0.00326157 0.0481176 -0.0156934 
-5.47103e-15 -0.134022 0.0269346 0.137282 -0.00521224 0.0440334 -0.00550456 
0 -0.0993242 -0.00808061 0.0146339 -0.0119531 0.0395532 0.00330428 
-5.47242e-15 -0.0690801 -0.0366924 -0.088646 -0.0172831 0.0347663 0.0108619 
0 -0.0427081 -0.0598344 -0.176144 -0.0214373 0.0296968 0.0172832 
1.09497e-14 -0.0196445 -0.0784502 -0.250245 -0.0246115 0.0244259 0.0226361 
0 0.000717974 -0.0933604 -0.312826 -0.0269429 0.019049 0.027027 
-5.47791e-15 0.0188416 -0.105161 -0.365221 -0.0285595 0.0136588 0.030568 
5.47958e-15 0.0351604 -0.114349 -0.408567 -0.0295767 0.00831831 0.0333559 
-5.48129e-15 0.050089 -0.121268 -0.443864 -0.0301045 0.00306996 0.0354797 
5.48304e-15 0.0639059 -0.126157 -0.471886 -0.0302332 -0.0020537 0.0369925 
0 0.0767636 -0.129231 -0.493283 -0.0300231 -0.0070411 0.0379403 
-5.48654e-15 0.0888079 -0.130656 -0.508702 -0.029523 -0.0118644 0.0383722 
0 0.100142 -0.130593 -0.518742 -0.0287793 -0.0164915 0.0383436 
0 0.110866 -0.129281 -0.523989 -0.0278421 -0.0208928 0.0379108 
0 0.121004 -0.126968 -0.524995 -0.0267673 -0.0250454 0.0371324 
0 0.130546 -0.123876 -0.522318 -0.0255958 -0.0289307 0.0360576 
0 0.139494 -0.120188 -0.516489 -0.0243574 -0.0325268 0.0347175 
0 0.147878 -0.116079 -0.507986 -0.0230813 -0.0358126 0.0331318 
0 0.155774 -0.111663 -0.497196 -0.021792 -0.0387798 0.0313171 
0 0.163277 -0.107014 -0.484456 -0.0205049 -0.0414292 0.0292948 
0 0.170482 -0.102167 -0.470095 -0.0192343 -0.0437566 0.0270789 
5.50237e-15 0.177493 -0.0971629 -0.454387 -0.0179925 -0.0457501 0.0246771 
-5.50381e-15 0.184427 -0.0920392 -0.4376 -0.0167805 -0.0474006 0.0220879 
0 0.191381 -0.0868445 -0.420021 -0.0155913 -0.0487052 0.0193184 
-5.50668e-15 0.198413 -0.0816317 -0.401922 -0.014417 -0.0496633 0.0163873 
5.50811e-15 0.205548 -0.076451 -0.383546 -0.0132519 -0.0502772 0.0133093 
0 0.212793 -0.071353 -0.365091 -0.0120928 -0.050555 0.0101058 
0 0.220109 -0.0663961 -0.34675 -0.0109352 -0.0504982 0.00680906 
0 0.227456 -0.0616663 -0.328665 -0.00976872 -0.0501115 0.00345171 
0 0.234805 -0.0572641 -0.310943 -0.00857995 -0.0494081 5.97646e-05 
5.51551e-15 0.242132 -0.0533214 -0.293686 -0.00736579 -0.0483953 -0.00333887 
-5.51705e-15 0.249383 -0.0499882 -0.27697 -0.00613093 -0.0470849 -0.00671171 
0 0.256487 -0.0474685 -0.260887 -0.00487913 -0.0454934 -0.0100187 
0 0.263392 -0.045979 -0.245498 -0.00361209 -0.0436374 -0.0132203 
0 0.270049 -0.0457776 -0.230833 -0.00232784 -0.0415387 -0.0162873 
5.52338e-15 0.276393 -0.047181 -0.216901 -0.0010324 -0.0392217 -0.0191957 
-5.52497e-15 0.282373 -0.050563 -0.20366 0.000256195 -0.0366951 -0.0219396 
0 0.287948 -0.0562953 -0.190982 0.00151574 -0.0339458 -0.0245162 
0 0.293045 -0.0646941 -0.178688 0.0027392 -0.0309685 -0.0269097 
-5.52959e-15 0.297528 -0.0760683 -0.166526 0.0039286 -0.0277759 -0.0290945 
5.53104e-15 0.301154 -0.0906596 -0.154193 0.00510048 -0.0243595 -0.0310532 
5.53243e-15 0.303644 -0.108722 -0.141294 0.00626773 -0.0206888 -0.0327654 
-5.53375e-15 0.30473 -0.130643 -0.127235 0.00744313 -0.0167379 -0.0341739 
0 0.304088 -0.156962 -0.111136 0.00865337 -0.0124736 -0.0352218 
0 0.30097 -0.188178 -0.0918071 0.00992567 -0.00787265 -0.0358618 
0 0.292304 -0.222855 -0.0679478 0.0111816 -0.00306992 -0.0358836 
-5.53791e-15 0.271775 -0.254404 -0.0371634 0.0123712 0.00215332 -0.0347601 
0 0.230964 -0.273006 0.00555512 0.0133785 0.00815051 -0.03177 
-1.62162 -0.775626 0.625582 0.135208 -0.121962 -0.869782 1.19181 
-4.44384 -2.52264 2.26451 0.313161 -0.361104 -2.40589 3.32305 
-4.41937 -2.62631 2.3824 0.347265 -0.363319 -2.39234 3.31653 
-3.5692 -2.21025 2.02014 0.32819 -0.295328 -1.92969 2.68522 
-4.83284 -2.61583 2.59434 -0.0194112 -0.411649 -2.66155 3.6278 
-4.71339 -2.77638 2.708 0.208813 -0.399108 -2.57648 3.54656 
