positions: 
-1.12682 -0.746466 0 1.6001 -0.0379366 -0.775128 1.15969 
-1.05776 -0.72056 -0.0307557 1.6201 -0.0309896 -0.736701 1.10933 
-0.988806 -0.693949 -0.0620721 1.6382 -0.0241654 -0.698227 1.05882 
-0.919826 -0.667958 -0.0933255 1.65792 -0.0171903 -0.659702 1.00843 
-0.850842 -0.642377 -0.124634 1.67863 -0.0101101 -0.621114 0.958109 
-0.781871 -0.617059 -0.156064 1.69988 -0.00295934 -0.582459 0.907822 
-0.712921 -0.591895 -0.187651 1.72134 0.00423507 -0.543732 0.857551 
-0.643998 -0.566798 -0.219413 1.74272 0.0114514 -0.504932 0.807277 
-0.575104 -0.541703 -0.251359 1.76384 0.0186718 -0.46606 0.756989 
-0.506242 -0.516559 -0.283489 1.78451 0.0258814 -0.427116 0.706677 
-0.437411 -0.491324 -0.315799 1.80462 0.0330673 -0.388103 0.656333 
-0.368611 -0.465966 -0.348279 1.82406 0.0402191 -0.349024 0.605949 
-0.299841 -0.44046 -0.380917 1.84276 0.0473275 -0.309883 0.555522 
-0.231101 -0.414783 -0.413697 1.86064 0.054385 -0.270685 0.505046 
-0.162389 -0.388919 -0.446602 1.87768 0.0613852 -0.231435 0.454519 
-0.0937029 -0.362852 -0.479615 1.89384 0.0683226 -0.192139 0.403936 
-0.0250413 -0.336569 -0.512716 1.90909 0.0751928 -0.152804 0.353296 
0.0435981 -0.310059 -0.545886 1.92345 0.0819918 -0.113436 0.302595 
0.112217 -0.283314 -0.579107 1.9369 0.0887162 -0.0740421 0.251833 
0.180818 -0.256326 -0.612359 1.94945 0.0953632 -0.0346292 0.201007 
0.249403 -0.229087 -0.645625 1.96112 0.10193 0.00479529 0.150115 
0.317975 -0.201594 -0.678887 1.97191 0.108415 0.0442243 0.099157 
0.386534 -0.173841 -0.712129 1.98187 0.114816 0.0836504 0.0481317 
0.455083 -0.145826 -0.745335 1.99101 0.121132 0.123067 -0.00296157 
0.523624 -0.117545 -0.778491 1.99935 0.127361 0.162466 -0.054123 
0.592157 -0.0889981 -0.811585 2.00694 0.133504 0.20184 -0.105353 
0.660685 -0.0601825 -0.844606 2.01379 0.13956 0.241184 -0.15665 
0.729207 -0.0310978 -0.877545 2.01996 0.145528 0.280489 -0.208014 
0.797724 -0.00174334 -0.910394 2.02545 0.15141 0.31975 -0.259445 
0.866237 0.0278817 -0.943147 2.03032 0.157205 0.35896 -0.310939 
0.934745 0.0577781 -0.975799 2.0346 0.162916 0.398112 -0.362497 
1.00325 0.0879472 -1.00835 2.03831 0.168544 0.4372 -0.414115 
1.07175 0.118391 -1.04079 2.0415 0.17409 0.476219 -0.465791 
1.14024 0.14911 -1.07313 2.04418 0.179558 0.515162 -0.517523 
1.20873 0.18011 -1.10536 2.04641 0.184949 0.554024 -0.569307 
1.2772 0.211391 -1.1375 2.0482 0.190268 0.592799 -0.621139 
1.34567 0.242959 -1.16954 2.04959 0.195518 0.631482 -0.673016 
1.41414 0.274817 -1.2015 2.05061 0.200702 0.670069 -0.724934 
1.48259 0.306969 -1.23338 2.05128 0.205827 0.708554 -0.776887 
1.55103 0.33942 -1.2652 2.05164 0.210898 0.746934 -0.828871 
1.61945 0.372174 -1.29697 2.05171 0.215919 0.785203 -0.88088 
1.68787 0.405238 -1.32871 2.05151 0.220899 0.823359 -0.932908 
1.75628 0.438615 -1.36046 2.05106 0.225844 0.861398 -0.98495 
1.82467 0.472313 -1.39223 2.0504 0.230762 0.899319 -1.037 
1.89305 0.506338 -1.42406 2.04953 0.23566 0.937118 -1.08905 
1.96141 0.540697 -1.45599 2.04849 0.240549 0.974794 -1.14109 
2.02977 0.5754 -1.48806 2.0473 0.245439 1.01235 -1.19311 
2.09811 0.610458 -1.52033 2.04598 0.250338 1.04978 -1.24511 
2.16645 0.645886 -1.55286 2.04455 0.25526 1.0871 -1.29708 
2.23478 0.681699 -1.58573 2.04304 0.260215 1.1243 -1.34902 
2.3031 0.717917 -1.619 2.0415 0.265216 1.16139 -1.4009 
2.37143 0.754564 -1.65279 2.03995 0.270277 1.19838 -1.45274 
2.43975 0.791656 -1.68721 2.03844 0.275409 1.23528 -1.50451 
2.50809 0.829199 -1.72234 2.03703 0.280628 1.2721 -1.55621 
2.57645 0.867166 -1.75829 2.03579 0.285945 1.30887 -1.60784 
2.64482 0.905482 -1.79508 2.03481 0.291372 1.34561 -1.6594 
2.71323 0.943995 -1.83268 2.0342 0.296919 1.38237 -1.71087 
2.78167 0.982428 -1.87089 2.03416 0.302589 1.41921 -1.76226 
2.85015 1.02031 -1.90932 2.03501 0.308381 1.45621 -1.81358 
2.91865 1.06016 -1.95 2.03453 0.314256 1.49289 -1.86483 
velocities: 
0 0 0 0 0 0 0 
0.797979 0.30487 -0.359892 0.217271 0.0794404 0.444808 -0.583576 
1.16796 0.444752 -0.529732 0.321941 0.117001 0.652034 -0.85419 
1.43343 0.535466 -0.65006 0.420917 0.146124 0.801247 -1.04635 
1.62719 0.600217 -0.740072 0.495245 0.167893 0.911126 -1.18669 
1.7 0.622241 -0.776732 0.526371 0.176817 0.953805 -1.23947 
1.7 0.619733 -0.781104 0.528216 0.177687 0.955917 -1.23974 
1.7 0.619122 -0.785858 0.524261 0.178081 0.958105 -1.24044 
1.7 0.619983 -0.790747 0.515725 0.178075 0.960307 -1.24147 
1.7 0.621995 -0.795596 0.503553 0.17773 0.962479 -1.24273 
1.7 0.624912 -0.800274 0.48851 0.177097 0.964583 -1.24418 
1.7 0.628548 -0.804682 0.471223 0.176218 0.966594 -1.24576 
1.7 0.632765 -0.80874 0.452212 0.17513 0.968485 -1.24744 
1.7 0.637457 -0.812391 0.43191 0.173864 0.970236 -1.2492 
1.7 0.642543 -0.815592 0.410683 0.172448 0.971827 -1.25102 
1.7 0.647959 -0.818315 0.388845 0.170902 0.973242 -1.25287 
1.7 0.653652 -0.820546 0.366659 0.169246 0.974469 -1.25476 
1.7 0.659578 -0.822282 0.344351 0.167493 0.9755 -1.25666 
1.7 0.665697 -0.823526 0.32211 0.165656 0.976327 -1.25857 
1.7 0.671975 -0.82429 0.300099 0.163746 0.976947 -1.26048 
1.7 0.67838 -0.824587 0.278455 0.161773 0.977359 -1.26239 
1.7 0.684884 -0.824441 0.257293 0.159746 0.977563 -1.26428 
1.7 0.691465 -0.823878 0.236711 0.157676 0.977561 -1.26616 
1.7 0.698103 -0.822931 0.216787 0.155571 0.977357 -1.26802 
1.7 0.70478 -0.821639 0.19758 0.153441 0.976955 -1.26986 
1.7 0.711486 -0.820043 0.179136 0.151297 0.976362 -1.27167 
1.7 0.71821 -0.818185 0.161485 0.149147 0.975584 -1.27344 
1.7 0.724949 -0.816108 0.144648 0.147001 0.974629 -1.27519 
1.7 0.731701 -0.813856 0.128634 0.144869 0.973505 -1.27689 
1.7 0.738473 -0.81147 0.11345 0.142761 0.97222 -1.27855 
1.7 0.745273 -0.808991 0.0990961 0.140687 0.970781 -1.28017 
1.7 0.752115 -0.80646 0.0855676 0.138655 0.969196 -1.28174 
1.7 0.759011 -0.803916 0.0728581 0.136678 0.967471 -1.28325 
1.7 0.765977 -0.801404 0.0609562 0.134767 0.965614 -1.2847 
1.7 0.773027 -0.798968 0.0498458 0.132932 0.96363 -1.28608 
1.7 0.780174 -0.796658 0.0395053 0.131186 0.961526 -1.28739 
1.7 0.787428 -0.794527 0.0299089 0.129542 0.959308 -1.28861 
1.7 0.794795 -0.792635 0.0210262 0.128013 0.956983 -1.28974 
1.7 0.802283 -0.791047 0.0128244 0.126612 0.954555 -1.29076 
1.7 0.809898 -0.789834 0.0052708 0.125352 0.952032 -1.29166 
1.7 0.817646 -0.789079 -0.00166475 0.124247 0.949421 -1.29244 
1.7 0.825532 -0.788871 -0.00800817 0.123312 0.94673 -1.29307 
1.7 0.833566 -0.789315 -0.0137803 0.122562 0.94397 -1.29355 
1.7 0.841759 -0.790528 -0.0189957 0.122013 0.941154 -1.29387 
1.7 0.850133 -0.792641 -0.0236609 0.121681 0.938297 -1.294 
1.7 0.858718 -0.795802 -0.0277711 0.121583 0.935418 -1.29394 
1.7 0.867553 -0.800185 -0.031307 0.121736 0.932539 -1.29368 
1.7 0.876688 -0.805985 -0.0342299 0.122156 0.929686 -1.2932 
1.7 0.886177 -0.81343 -0.0364775 0.122858 0.926888 -1.29248 
1.7 0.896086 -0.822791 -0.0379569 0.123858 0.924184 -1.29153 
1.7 0.906481 -0.834376 -0.0385334 0.12517 0.921615 -1.29033 
1.7 0.917339 -0.84847 -0.03803 0.126804 0.91923 -1.28888 
1.7 0.928405 -0.865145 -0.0362461 0.128762 0.917088 -1.28715 
1.7 0.939103 -0.884067 -0.0329286 0.131032 0.915289 -1.28515 
1.675 0.934432 -0.89092 -0.0273148 0.131603 0.900568 -1.26405 
1.5499 0.870404 -0.842275 -0.0183183 0.124257 0.832841 -1.16745 
1.33297 0.749562 -0.737876 -0.0067546 0.109155 0.716767 -1.00204 
1.10255 0.614999 -0.616982 0.0058051 0.0921965 0.594424 -0.827175 
0.695591 0.39056 -0.396924 0.00470235 0.0590665 0.37489 -0.521054 
0 0 0 0 0 0 0 
accelerations: 
0 0 0 0 0 0 0 
4.79692 1.91717 -2.23236 1.09452 0.464852 2.68601 -3.53234 
4.82024 1.66015 -2.16525 1.77526 0.524062 2.70105 -3.48853 
4.99076 1.68925 -2.2863 1.88775 0.553354 2.81534 -3.61331 
3.42836 1.12125 -1.62942 1.34572 0.39358 1.96114 -2.48469 
0 -0.0881988 -0.101281 0.125473 0.0278607 0.0507022 -0.000483813 
0 -0.0354813 -0.114316 -0.0345142 0.015036 0.0534626 -0.0128977 
0 0.0053501 -0.12022 -0.160586 0.00437454 0.0544757 -0.0219325 
0 0.0371678 -0.121071 -0.260735 -0.00465758 0.0542117 -0.0286605 
0 0.0621555 -0.118307 -0.340243 -0.012353 0.0529834 -0.0337363 
0 0.0819386 -0.112781 -0.402836 -0.0189209 0.0509891 -0.0375881 
0 0.0977833 -0.105048 -0.451461 -0.024521 0.0483566 -0.0405093 
-5.49018e-15 0.110687 -0.0956073 -0.488464 -0.0292816 0.0451532 -0.0427066 
5.49246e-15 0.121374 -0.0849456 -0.515717 -0.0333231 0.0414379 -0.044336 
0 0.130298 -0.0734331 -0.534616 -0.0367714 0.0372822 -0.04552 
0 0.137801 -0.0613769 -0.546403 -0.0397326 0.0327752 -0.0463572 
5.49852e-15 0.144117 -0.0491063 -0.552168 -0.0422992 0.0279972 -0.0469227 
-5.50022e-15 0.149406 -0.0368625 -0.552838 -0.044536 0.023031 -0.0472584 
0 0.153791 -0.0247966 -0.549152 -0.046484 0.0179434 -0.0473945 
0 0.157344 -0.0130355 -0.541759 -0.0481793 0.0127955 -0.047351 
0 0.160168 -0.00172308 -0.531222 -0.0496334 0.00763168 -0.0471537 
0 0.162356 0.00899187 -0.518036 -0.0508493 0.00249148 -0.046828 
0 0.164004 0.0189426 -0.502665 -0.0518274 -0.00258386 -0.0463887 
-5.50698e-15 0.165202 0.0279993 -0.485569 -0.0525653 -0.00755427 -0.0458536 
5.50761e-15 0.166045 0.0360857 -0.467173 -0.0530648 -0.0123843 -0.0452293 
0 0.166622 0.0431217 -0.447845 -0.0533245 -0.0170496 -0.0445111 
0 0.167013 0.0490732 -0.427896 -0.0533444 -0.0215369 -0.0436953 
0 0.167337 0.0539605 -0.407569 -0.0531232 -0.0258347 -0.0427862 
5.50938e-15 0.167735 0.0577971 -0.387047 -0.052661 -0.029937 -0.0417856 
-5.50974e-15 0.168322 0.060603 -0.366466 -0.0519586 -0.0338439 -0.0406938 
0 0.169178 0.0624131 -0.345929 -0.0510088 -0.0375662 -0.0395066 
5.51051e-15 0.170369 0.0632309 -0.325522 -0.0498029 -0.0411127 -0.0382121 
-5.51096e-15 0.17193 0.063012 -0.305331 -0.0483286 -0.0444912 -0.036789 
0 0.173867 0.0617029 -0.285481 -0.0465709 -0.0477102 -0.0352123 
0 0.176151 0.0592264 -0.266102 -0.0445165 -0.0507722 -0.0334539 
5.51266e-15 0.178709 0.055477 -0.24731 -0.0421535 -0.053684 -0.0314794 
-5.51337e-15 0.181475 0.0503312 -0.229218 -0.0394734 -0.0564485 -0.029258 
0 0.184413 0.0436432 -0.211924 -0.0364688 -0.0590644 -0.0267631 
0 0.187523 0.0352519 -0.195463 -0.0331347 -0.0615246 -0.0239854 
0 0.190783 0.0249722 -0.17979 -0.0294603 -0.0638168 -0.0209239 
0 0.194181 0.0125693 -0.164815 -0.0254318 -0.0659216 -0.0175745 
0 0.197744 -0.00225268 -0.150424 -0.02103 -0.0677952 -0.0139228 
0 0.201564 -0.01982 -0.136476 -0.0162417 -0.0693842 -0.00994881 
0 0.205768 -0.040468 -0.122801 -0.0110545 -0.070618 -0.00564938 
0 0.210603 -0.0645837 -0.109161 -0.00544997 -0.0714256 -0.00102347 
0 0.216322 -0.0926646 -0.0952471 0.000573961 -0.0717368 0.00393768 
-5.52268e-15 0.223146 -0.125315 -0.0806267 0.00701436 -0.0714677 0.00922028 
5.52347e-15 0.231265 -0.163213 -0.0647789 0.0138589 -0.0704989 0.0147922 
0 0.240878 -0.207251 -0.0470475 0.0210885 -0.0686846 0.020626 
5.52456e-15 0.252194 -0.258521 -0.0265618 0.0286811 -0.0658813 0.0266938 
-5.52476e-15 0.265045 -0.317977 -0.00212859 0.0366051 -0.0619288 0.0330059 
0 0.275272 -0.38335 0.027181 0.0447136 -0.0567823 0.0395509 
0 0.275401 -0.44637 0.0615818 0.052706 -0.0498056 0.0463396 
0 0.256813 -0.495042 0.103465 0.0602203 -0.0397011 0.0530931 
-1.22468 -0.481712 0.151776 0.173131 -0.0313131 -0.682063 0.981581 
-4.51807 -2.44604 2.0557 0.246545 -0.30272 -2.42843 3.45557 
-4.51657 -2.57668 2.27533 0.235881 -0.324558 -2.40739 3.43478 
-3.61984 -2.16421 1.97704 0.20581 -0.272888 -1.91438 2.74134 
-4.89898 -2.61381 2.63872 -0.126265 -0.410237 -2.6628 3.67536 
-4.72393 -2.74864 2.80586 0.0335766 -0.405187 -2.53015 3.53465 
