positions: 
-1.12682 -0.746466 0 1.6001 -0.0379366 -0.775128 1.15969 
-1.05876 -0.714818 -0.0286917 1.61612 -0.0323486 -0.736062 1.10839 
-0.990643 -0.68305 -0.0579408 1.63094 -0.0267101 -0.697051 1.05705 
-0.922606 -0.650838 -0.0865201 1.64699 -0.0211304 -0.657913 1.00568 
-0.854625 -0.618196 -0.114626 1.66386 -0.0155939 -0.618672 0.954272 
-0.786684 -0.585155 -0.142406 1.68128 -0.0100891 -0.579346 0.902833 
-0.718766 -0.551758 -0.169974 1.69901 -0.00460673 -0.53995 0.851368 
-0.650859 -0.51805 -0.197421 1.7169 0.00086102 -0.500498 0.799885 
-0.582954 -0.484082 -0.224823 1.7348 0.00632059 -0.461002 0.748388 
-0.515043 -0.449904 -0.252244 1.75259 0.0117774 -0.421471 0.696882 
-0.447118 -0.415566 -0.279735 1.77019 0.0172359 -0.381915 0.645369 
-0.379174 -0.381117 -0.307344 1.78751 0.0227 -0.342343 0.593853 
-0.311207 -0.346602 -0.335109 1.80448 0.028173 -0.302763 0.542337 
-0.243213 -0.312067 -0.363063 1.82105 0.0336579 -0.263181 0.490822 
-0.175189 -0.277551 -0.391234 1.83716 0.0391571 -0.223606 0.43931 
-0.107134 -0.243095 -0.419645 1.85277 0.044673 -0.184044 0.387802 
-0.0390452 -0.208734 -0.448313 1.86785 0.0502073 -0.1445 0.3363 
0.0290784 -0.174504 -0.477254 1.88236 0.0557618 -0.104982 0.284805 
0.097238 -0.140438 -0.506478 1.89628 0.0613379 -0.0654935 0.233318 
0.165434 -0.106564 -0.535993 1.90958 0.0669367 -0.0260415 0.181839 
0.233669 -0.0729119 -0.565805 1.92224 0.0725594 0.0133692 0.13037 
0.301941 -0.0395072 -0.595919 1.93427 0.0782067 0.0527332 0.078911 
0.370252 -0.00637363 -0.626334 1.94564 0.0838793 0.0920457 0.0274634 
0.438602 0.0264675 -0.657052 1.95634 0.0895778 0.131302 -0.0239722 
0.506991 0.0589974 -0.688071 1.96639 0.0953028 0.170497 -0.0753952 
0.57542 0.0911999 -0.719389 1.97576 0.101055 0.209626 -0.126805 
0.643888 0.123061 -0.751002 1.98448 0.106834 0.248686 -0.1782 
0.712395 0.154571 -0.782906 1.99254 0.11264 0.287671 -0.229581 
0.780941 0.18572 -0.815095 1.99994 0.118475 0.326578 -0.280945 
0.849526 0.216503 -0.847565 2.00671 0.124337 0.365403 -0.332293 
0.918149 0.246916 -0.88031 2.01284 0.130228 0.404142 -0.383623 
0.986809 0.27696 -0.913322 2.01835 0.136147 0.442794 -0.434934 
1.05551 0.306635 -0.946596 2.02326 0.142095 0.481353 -0.486224 
1.12424 0.335946 -0.980125 2.02758 0.148072 0.519819 -0.537494 
1.19301 0.364901 -1.0139 2.03133 0.154078 0.558189 -0.588741 
1.26182 0.393509 -1.04792 2.03452 0.160114 0.596461 -0.639964 
1.33066 0.421782 -1.08218 2.03718 0.166179 0.634635 -0.691163 
1.39953 0.449736 -1.11667 2.03933 0.172274 0.672709 -0.742337 
1.46843 0.477388 -1.1514 2.041 0.178399 0.710684 -0.793485 
1.53737 0.504759 -1.18634 2.0422 0.184554 0.74856 -0.844608 
1.60633 0.531874 -1.22152 2.04297 0.19074 0.786338 -0.895704 
1.67533 0.558759 -1.25692 2.04334 0.196957 0.82402 -0.946776 
1.74435 0.585445 -1.29254 2.04334 0.203204 0.861608 -0.997822 
1.8134 0.611964 -1.32841 2.04301 0.209482 0.899105 -1.04885 
1.88247 0.638356 -1.36451 2.04238 0.215792 0.936516 -1.09985 
1.95156 0.664663 -1.40087 2.0415 0.222134 0.973844 -1.15083 
2.02067 0.690931 -1.43751 2.0404 0.228508 1.01109 -1.2018 
2.08979 0.717214 -1.47443 2.03914 0.234916 1.04827 -1.25275 
2.15893 0.743571 -1.51168 2.03776 0.241357 1.08539 -1.30369 
2.22808 0.770069 -1.54927 2.03632 0.247833 1.12245 -1.35463 
2.29723 0.796785 -1.58725 2.03488 0.254344 1.15947 -1.40556 
2.36638 0.823802 -1.62567 2.0335 0.260892 1.19645 -1.4565 
2.43552 0.851211 -1.66457 2.03225 0.267475 1.2334 -1.50745 
2.50465 0.879107 -1.704 2.03123 0.274095 1.27035 -1.55842 
2.57375 0.90758 -1.74398 2.03051 0.280749 1.30731 -1.60941 
2.64282 0.936705 -1.78447 2.03021 0.28743 1.34429 -1.66043 
2.71185 0.966528 -1.82536 2.03046 0.294125 1.38134 -1.71148 
2.78082 0.997041 -1.86637 2.03144 0.300811 1.41849 -1.76257 
2.84972 1.02814 -1.90701 2.03338 0.307444 1.45579 -1.8137 
2.91865 1.06016 -1.95 2.03453 0.314256 1.49289 -1.86483 
velocities: 
0 0 0 0 0 0 0 
0.790144 0.368109 -0.337062 0.176978 0.0652142 0.452884 -0.595526 
1.14996 0.540859 -0.487773 0.261954 0.0946952 0.660214 -0.867553 
1.39764 0.666785 -0.582104 0.33897 0.114193 0.80549 -1.0562 
1.60433 0.775567 -0.659424 0.405115 0.130304 0.927431 -1.214 
1.7 0.831336 -0.692556 0.439841 0.137482 0.985039 -1.28762 
1.7 0.839906 -0.688574 0.445862 0.137054 0.98687 -1.2885 
1.7 0.847127 -0.686572 0.447932 0.136781 0.988229 -1.28904 
1.7 0.852976 -0.686209 0.446781 0.136639 0.989179 -1.28929 
1.7 0.857474 -0.687226 0.442959 0.136605 0.989773 -1.28929 
1.7 0.860665 -0.689421 0.436895 0.136664 0.990053 -1.2891 
1.7 0.862609 -0.692624 0.428936 0.136804 0.990052 -1.28874 
1.7 0.863374 -0.696686 0.419367 0.137013 0.989801 -1.28826 
1.7 0.863031 -0.701472 0.408425 0.137284 0.989326 -1.28767 
1.7 0.861651 -0.706858 0.396311 0.137609 0.988646 -1.287 
1.7 0.8593 -0.71273 0.383198 0.137981 0.987779 -1.28626 
1.7 0.856042 -0.718989 0.369239 0.138394 0.986738 -1.28546 
1.7 0.851936 -0.725545 0.354572 0.138843 0.985534 -1.28461 
1.7 0.847039 -0.732323 0.339321 0.139322 0.984176 -1.28372 
1.7 0.841409 -0.739257 0.323599 0.139826 0.982672 -1.28279 
1.7 0.835102 -0.746291 0.307511 0.140352 0.98103 -1.28183 
1.7 0.828177 -0.753377 0.291153 0.140894 0.979256 -1.28084 
1.7 0.820695 -0.760471 0.274614 0.141452 0.977356 -1.27982 
1.7 0.81272 -0.767538 0.257973 0.142022 0.975336 -1.27878 
1.7 0.804319 -0.77455 0.241306 0.142602 0.973201 -1.27772 
1.7 0.795556 -0.781479 0.224681 0.143192 0.970958 -1.27665 
1.7 0.786499 -0.788306 0.208159 0.14379 0.968612 -1.27555 
1.7 0.777214 -0.795011 0.1918 0.144394 0.96617 -1.27444 
1.7 0.767767 -0.801581 0.175657 0.145005 0.963639 -1.27332 
1.7 0.758224 -0.808005 0.159777 0.145622 0.961026 -1.27217 
1.7 0.748648 -0.814274 0.144207 0.146245 0.958341 -1.27101 
1.7 0.739103 -0.820385 0.128985 0.146873 0.955592 -1.26984 
1.7 0.729653 -0.826338 0.114149 0.147508 0.952788 -1.26864 
1.7 0.720361 -0.832135 0.099737 0.148148 0.94994 -1.26744 
1.7 0.711294 -0.837786 0.0857846 0.148795 0.94706 -1.26622 
1.7 0.702517 -0.843301 0.07233 0.149449 0.94416 -1.26499 
1.7 0.694099 -0.848697 0.0594143 0.150111 0.941253 -1.26376 
1.7 0.686108 -0.853997 0.047081 0.15078 0.938352 -1.26253 
1.7 0.678613 -0.859225 0.0353772 0.151456 0.935474 -1.26131 
1.7 0.671688 -0.864417 0.0243534 0.152139 0.932633 -1.26012 
1.7 0.665407 -0.869616 0.0140632 0.152828 0.929846 -1.25895 
1.7 0.65985 -0.874872 0.00456289 0.153524 0.927132 -1.25783 
1.7 0.655103 -0.88025 -0.00409019 0.154229 0.924508 -1.25677 
1.7 0.651259 -0.885824 -0.0118376 0.154944 0.921995 -1.25577 
1.7 0.648423 -0.891678 -0.0186184 0.155673 0.919614 -1.25486 
1.7 0.646713 -0.897908 -0.0243674 0.156419 0.917388 -1.25405 
1.7 0.646264 -0.90462 -0.0290133 0.157186 0.915343 -1.25337 
1.7 0.647231 -0.91194 -0.0324744 0.157977 0.913506 -1.25282 
1.7 0.649788 -0.920008 -0.0346554 0.158796 0.911907 -1.25245 
1.7 0.654134 -0.928992 -0.035442 0.159644 0.91058 -1.25226 
1.7 0.660488 -0.939082 -0.0346955 0.160521 0.909564 -1.25228 
1.7 0.669057 -0.950458 -0.0322489 0.161423 0.908902 -1.25255 
1.7 0.679976 -0.963104 -0.0279108 0.162339 0.90865 -1.25308 
1.7 0.693237 -0.976613 -0.0214435 0.163239 0.908881 -1.25389 
1.7 0.708629 -0.990048 -0.0125111 0.164054 0.90971 -1.25501 
1.59686 0.681081 -0.940649 -0.000978781 0.154655 0.855961 -1.18018 
1.3838 0.604457 -0.821101 0.0117167 0.134181 0.743856 -1.02416 
1.13293 0.505675 -0.671337 0.0230202 0.109495 0.611628 -0.839884 
0.701933 0.319569 -0.421027 0.0174323 0.0681055 0.379433 -0.520858 
0 0 0 0 0 0 0 
accelerations: 
0 0 0 0 0 0 0 
4.76677 2.2312 -2.09405 0.928799 0.398597 2.72197 -3.59054 
4.55137 2.27458 -1.75441 1.38194 0.360379 2.66104 -3.46153 
4.53425 2.35365 -1.70113 1.45074 0.354373 2.67 -3.4595 
4.50068 2.40646 -1.67796 1.44065 0.349729 2.66111 -3.43869 
0 0.231042 0.126871 0.205364 -0.0128247 0.0521911 -0.0266696 
0 0.197949 0.0724456 0.0960359 -0.00859141 0.0394699 -0.0173967 
0 0.163579 0.0277846 0.00761445 -0.00504919 0.0285452 -0.00947265 
-5.55862e-15 0.129297 -0.00958566 -0.0652428 -0.00209165 0.0190523 -0.00283968 
1.11156e-14 0.0958826 -0.0413323 -0.126114 0.000406923 0.0106939 0.00262828 
-5.55647e-15 0.0638337 -0.0685176 -0.177396 0.00255927 0.00327982 0.00707251 
0 0.0334472 -0.0917561 -0.220866 0.00442434 -0.00331754 0.0106578 
-5.5527e-15 0.00484247 -0.111449 -0.257813 0.00605051 -0.00922131 0.0135369 
5.5504e-15 -0.021978 -0.127872 -0.289319 0.00748194 -0.0145492 0.015858 
-5.5479e-15 -0.0470288 -0.141315 -0.316164 0.00874652 -0.0194099 0.0177433 
5.54524e-15 -0.070413 -0.152073 -0.338936 0.00984729 -0.0238984 0.0192994 
-5.54246e-15 -0.0922693 -0.160445 -0.358079 0.0107978 -0.0280863 0.0206137 
1.10792e-14 -0.112661 -0.166764 -0.373944 0.0116079 -0.0320175 0.0217435 
-5.53662e-15 -0.131596 -0.171327 -0.386831 0.0122882 -0.0357264 0.0227264 
-5.5336e-15 -0.1491 -0.17438 -0.396988 0.0128521 -0.0392408 0.0235918 
1.1061e-14 -0.16516 -0.176123 -0.404639 0.0133184 -0.0425823 0.0243499 
0 -0.179709 -0.176729 -0.409989 0.013708 -0.0457655 0.0250102 
-1.10485e-14 -0.192672 -0.176369 -0.413228 0.0140374 -0.048799 0.0255842 
5.52109e-15 -0.204002 -0.175202 -0.414535 0.014317 -0.0516871 0.0260854 
0 -0.213685 -0.17336 -0.414074 0.0145525 -0.054432 0.0265328 
5.51475e-15 -0.221707 -0.170949 -0.411996 0.0147526 -0.0570293 0.026944 
-5.5116e-15 -0.228056 -0.168048 -0.408426 0.0149251 -0.0594679 0.0273368 
0 -0.232751 -0.164747 -0.40348 0.0150788 -0.0617337 0.027725 
-5.50534e-15 -0.23582 -0.161136 -0.397269 0.0152218 -0.0638136 0.0281178 
5.50226e-15 -0.237283 -0.157303 -0.389922 0.0153586 -0.0656935 0.0285209 
0 -0.237167 -0.153327 -0.381553 0.0154935 -0.0673589 0.028934 
0 -0.235483 -0.149297 -0.372234 0.0156284 -0.0687918 0.0293416 
0 -0.232229 -0.145309 -0.362008 0.0157666 -0.0699726 0.029722 
0 -0.227384 -0.141468 -0.350906 0.0159132 -0.0708846 0.0300501 
0 -0.22091 -0.137884 -0.33891 0.0160728 -0.0715044 0.030293 
5.4848e-15 -0.212789 -0.134653 -0.325952 0.0162464 -0.0718115 0.0304192 
0 -0.203001 -0.131886 -0.311968 0.0164241 -0.0717841 0.0303999 
-5.4795e-15 -0.191518 -0.129714 -0.296887 0.0166003 -0.0714009 0.0302056 
-5.47699e-15 -0.178294 -0.12829 -0.280624 0.0167645 -0.0706396 0.0298039 
5.47456e-15 -0.163275 -0.127797 -0.263092 0.0169167 -0.0694767 0.0291576 
-5.47224e-15 -0.146373 -0.128468 -0.244218 0.0170674 -0.0678944 0.0282361 
5.47004e-15 -0.127465 -0.13057 -0.223958 0.0172416 -0.0658707 0.0270148 
0 -0.10638 -0.13437 -0.2023 0.0174642 -0.0633775 0.0254663 
5.46603e-15 -0.0829025 -0.140102 -0.179205 0.0177532 -0.0603806 0.0235612 
-5.46427e-15 -0.0567169 -0.148054 -0.154587 0.0181253 -0.0568357 0.0212501 
5.4627e-15 -0.0274372 -0.158499 -0.12833 0.01859 -0.0526969 0.0184891 
-5.46135e-15 0.00536007 -0.171759 -0.100237 0.0191445 -0.0479166 0.0152375 
5.46026e-15 0.0421717 -0.188261 -0.0700085 0.0197816 -0.042439 0.0114605 
-5.45945e-15 0.0835711 -0.208526 -0.0372507 0.0204826 -0.0361831 0.00712134 
0 0.13015 -0.23322 -0.00142611 0.0212164 -0.0290571 0.00217534 
-5.45885e-15 0.182254 -0.26292 0.0381308 0.0219126 -0.0209181 -0.00344056 
5.45916e-15 0.239089 -0.296406 0.0821683 0.0224395 -0.0116256 -0.00963396 
0 0.297856 -0.325492 0.131162 0.0226085 -0.000795455 -0.0163937 
5.46145e-15 0.354399 -0.338939 0.186947 0.0216558 0.0121978 -0.0236738 
-5.46364e-15 0.402962 -0.322087 0.252559 0.0184559 0.0285809 -0.0314679 
-4.75049 -1.64604 2.57676 0.294797 -0.450202 -2.50246 3.4761 
-4.38136 -1.62971 2.5352 0.250921 -0.426497 -2.30282 3.21085 
-4.56163 -1.87366 2.78839 0.162081 -0.452633 -2.40955 3.35668 
-4.8994 -2.16572 2.77279 -0.178987 -0.462886 -2.66454 3.63693 
-4.92255 -2.28696 3.07 -0.0817006 -0.486446 -2.64949 3.65171 
